
==================================================================
                               Units     Dollars     Total_Gallons
------------------------------------------------------------------
BUD LIGHT                     933,273 11,044,113.000 1,488,126.000
COORS LIGHT                   531,178 6,862,469.000   915,918.100 
CORONA EXTRA                  490,471 6,638,813.000   592,693.100 
BUDWEISER                     399,984 3,984,388.000   527,571.300 
MILLER HIGH LIFE              314,480  958,932.000    131,884.500 
TECATE                        235,428 2,520,045.000   335,289.400 
HEINEKEN                      213,422 2,615,650.000   227,537.200 
MILLER LITE                   211,346 2,583,771.000   340,688.900 
BUD ICE                       184,945  317,842.800    46,155.380  
MODELO ESPECIAL               164,422 1,560,729.000   144,407.400 
MILLER GENUINE DRAFT          121,677 1,362,895.000   173,424.800 
STEEL RESERV 211 HGH GRAVTY L 108,040  249,018.100    28,696.750  
NATURAL LIGHT                 107,991 1,162,148.000   206,199.800 
FOSTERS LAGER                 105,524  260,504.900    24,028.620  
NEWCASTLE BROWN ALE           103,674 1,201,987.000   96,043.090  
PACIFICO CLARA                89,141  1,195,519.000   106,445.400 
KING COBRA                    74,331   131,082.000    18,761.750  
CORONA LIGHT                  73,293   973,378.100    80,844.940  
BLUE MOON BELGIAN WHITE ALE   70,158   776,619.400    57,618.120  
DOS EQUIS XX LAGER ESPECIAL   68,330   924,952.200    83,951.620  
------------------------------------------------------------------
